	Esch_coli_1190.fa	UMB11_03	UMB11_03.1	UMB11_04.1	UMB11_06	UMB11_07	UMB11_08	UMB11_11
Esch_coli_1190.fa	0.0	0.0003802369794997616	0.000363794578546723	0.0002527850445313189	0.0008086401049845897	0.0005864167718363713	0.0004330553737426069	0.0003532184191347922
UMB11_03	0.0003802369794997616	0.0	5.5234668434156475e-05	5.3250971830176574e-05	0.00043160670806119406	0.00010862400541145067	5.100522803591634e-05	3.435728963518958e-05
UMB11_03.1	0.000363794578546723	5.5234668434156475e-05	0.0	3.6110208355921714e-05	0.00030117272023832964	0.00013464066781765371	3.952725404166024e-05	3.581533612684318e-05
UMB11_04.1	0.0002527850445313189	5.3250971830176574e-05	3.6110208355921714e-05	0.0	0.00038813737187881614	0.00011415090749977708	4.6654847438709623e-05	4.135615090039568e-05
UMB11_06	0.0008086401049845897	0.00043160670806119406	0.00030117272023832964	0.00038813737187881614	0.0	0.0004344024460199991	0.00035065572620796015	0.00031909399961671525
UMB11_07	0.0005864167718363713	0.00010862400541145067	0.00013464066781765371	0.00011415090749977708	0.0004344024460199991	0.0	8.500112626497192e-05	0.00011683034598131137
UMB11_08	0.0004330553737426069	5.100522803591634e-05	3.952725404166024e-05	4.6654847438709623e-05	0.00035065572620796015	8.500112626497192e-05	0.0	2.229952725008033e-05
UMB11_11	0.0003532184191347922	3.435728963518958e-05	3.581533612684318e-05	4.135615090039568e-05	0.00031909399961671525	0.00011683034598131137	2.229952725008033e-05	0.0
